-0.448074 0.893997 0 5.4396e+06 0.535021 0.268154 -0.801153 -2.90971e+06 -0.716228 -0.358975 -0.59846 -1.59755e+06
-0.447918 0.894075 5.55112e-17 5.4396e+06 0.535068 0.268061 -0.801153 -2.90971e+06 -0.71629 -0.35885 -0.59846 -1.59755e+06
-0.447621 0.894223 0 5.4396e+06 0.535157 0.267883 -0.801153 -2.90971e+06 -0.716409 -0.358613 -0.59846 -1.59755e+06
-0.447198 0.894435 0 5.4396e+06 0.535284 0.26763 -0.801153 -2.90971e+06 -0.716579 -0.358274 -0.59846 -1.59755e+06
-0.446661 0.894703 5.55112e-17 5.4396e+06 0.535444 0.267309 -0.801153 -2.90971e+06 -0.716794 -0.357844 -0.59846 -1.59755e+06
-0.446022 0.895022 5.55112e-17 5.4396e+06 0.535635 0.266926 -0.801153 -2.90971e+06 -0.717049 -0.357331 -0.59846 -1.59755e+06
-0.445289 0.895387 0 5.4396e+06 0.535853 0.266488 -0.801153 -2.90971e+06 -0.717341 -0.356745 -0.59846 -1.59755e+06
-0.444474 0.895792 5.55112e-17 5.4396e+06 0.536096 0.266 -0.801153 -2.90971e+06 -0.717666 -0.356091 -0.59846 -1.59755e+06
-0.443583 0.896233 0 5.4396e+06 0.53636 0.265467 -0.801153 -2.90971e+06 -0.71802 -0.355378 -0.59846 -1.59755e+06
-0.442625 0.896707 -5.55112e-17 5.4396e+06 0.536643 0.264893 -0.801153 -2.90971e+06 -0.718399 -0.35461 -0.59846 -1.59755e+06
-0.441605 0.897209 5.55112e-17 5.4396e+06 0.536944 0.264283 -0.801153 -2.90971e+06 -0.718802 -0.353793 -0.59846 -1.59755e+06
-0.44053 0.897738 5.55112e-17 5.4396e+06 0.53726 0.26364 -0.801153 -2.90971e+06 -0.719225 -0.352932 -0.59846 -1.59755e+06
-0.439406 0.898289 5.55112e-17 5.4396e+06 0.53759 0.262967 -0.801153 -2.90971e+06 -0.719666 -0.352031 -0.59846 -1.59755e+06
-0.438236 0.89886 -5.55112e-17 5.4396e+06 0.537932 0.262267 -0.801153 -2.90971e+06 -0.720124 -0.351094 -0.59846 -1.59755e+06
-0.437026 0.899449 0 5.4396e+06 0.538284 0.261542 -0.801153 -2.90971e+06 -0.720596 -0.350124 -0.59846 -1.59755e+06
-0.435779 0.900054 5.55112e-17 5.4396e+06 0.538646 0.260796 -0.801153 -2.90971e+06 -0.721081 -0.349125 -0.59846 -1.59755e+06
-0.434498 0.900673 0 5.4396e+06 0.539017 0.26003 -0.801153 -2.90971e+06 -0.721576 -0.3481 -0.59846 -1.59755e+06
-0.433188 0.901303 5.55112e-17 5.4396e+06 0.539394 0.259246 -0.801153 -2.90971e+06 -0.722082 -0.34705 -0.59846 -1.59755e+06
-0.431851 0.901945 5.55112e-17 5.4396e+06 0.539778 0.258445 -0.801153 -2.90971e+06 -0.722596 -0.345978 -0.59846 -1.59755e+06
-0.430489 0.902596 0 5.4396e+06 0.540168 0.25763 -0.801153 -2.90971e+06 -0.723117 -0.344887 -0.59846 -1.59755e+06
-0.429104 0.903255 0 5.4396e+06 0.540562 0.256802 -0.801153 -2.90971e+06 -0.723645 -0.343778 -0.59846 -1.59755e+06
-0.4277 0.903921 0 5.4396e+06 0.54096 0.255961 -0.801153 -2.90971e+06 -0.724179 -0.342653 -0.59846 -1.59755e+06
-0.426277 0.904593 0 5.4396e+06 0.541363 0.25511 -0.801153 -2.90971e+06 -0.724717 -0.341513 -0.59846 -1.59755e+06
-0.424838 0.90527 5.55112e-17 5.4396e+06 0.541768 0.254248 -0.801153 -2.90971e+06 -0.725259 -0.34036 -0.59846 -1.59755e+06
-0.423383 0.905951 5.55112e-17 5.4396e+06 0.542175 0.253378 -0.801153 -2.90971e+06 -0.725805 -0.339195 -0.59846 -1.59755e+06
-0.421915 0.906635 0 5.4396e+06 0.542585 0.252499 -0.801153 -2.90971e+06 -0.726353 -0.338018 -0.59846 -1.59755e+06
-0.420434 0.907323 5.55112e-17 5.4396e+06 0.542997 0.251613 -0.801153 -2.90971e+06 -0.726904 -0.336832 -0.59846 -1.59755e+06
-0.418942 0.908013 5.55112e-17 5.4396e+06 0.543409 0.25072 -0.801153 -2.90971e+06 -0.727457 -0.335637 -0.59846 -1.59755e+06
-0.41744 0.908705 0 5.4396e+06 0.543823 0.249821 -0.801153 -2.90971e+06 -0.728011 -0.334433 -0.59846 -1.59755e+06
-0.415928 0.909398 0 5.4396e+06 0.544238 0.248916 -0.801153 -2.90971e+06 -0.728566 -0.333222 -0.59846 -1.59755e+06
-0.414407 0.910091 1.11022e-16 5.4396e+06 0.544653 0.248006 -0.801153 -2.90971e+06 -0.729122 -0.332004 -0.59846 -1.59755e+06
-0.412879 0.910786 0 5.4396e+06 0.545069 0.247092 -0.801153 -2.90971e+06 -0.729679 -0.330779 -0.59846 -1.59755e+06
-0.411343 0.91148 0 5.4396e+06 0.545485 0.246173 -0.801153 -2.90971e+06 -0.730235 -0.329549 -0.59846 -1.59755e+06
-0.409801 0.912175 5.55112e-17 5.4396e+06 0.5459 0.24525 -0.801153 -2.90971e+06 -0.730791 -0.328313 -0.59846 -1.59755e+06
-0.408253 0.912869 0 5.4396e+06 0.546316 0.244323 -0.801153 -2.90971e+06 -0.731347 -0.327073 -0.59846 -1.59755e+06
-0.406699 0.913562 5.55112e-17 5.4396e+06 0.546731 0.243393 -0.801153 -2.90971e+06 -0.731903 -0.325828 -0.59846 -1.59755e+06
-0.40514 0.914255 1.11022e-16 5.4396e+06 0.547145 0.24246 -0.801153 -2.90971e+06 -0.732458 -0.324579 -0.59846 -1.59755e+06
-0.403576 0.914946 5.55112e-17 5.4396e+06 0.547559 0.241524 -0.801153 -2.90971e+06 -0.733012 -0.323326 -0.59846 -1.59755e+06
-0.402007 0.915636 1.11022e-16 5.4396e+06 0.547972 0.240585 -0.801153 -2.90971e+06 -0.733565 -0.322069 -0.59846 -1.59755e+06
-0.400435 0.916325 5.55112e-17 5.4396e+06 0.548384 0.239644 -0.801153 -2.90971e+06 -0.734116 -0.32081 -0.59846 -1.59755e+06
-0.398859 0.917012 0 5.4396e+06 0.548795 0.238701 -0.801153 -2.90971e+06 -0.734667 -0.319547 -0.59846 -1.59755e+06
-0.397279 0.917698 5.55112e-17 5.4396e+06 0.549206 0.237756 -0.801153 -2.90971e+06 -0.735216 -0.318281 -0.59846 -1.59755e+06
-0.395696 0.918382 0 5.4396e+06 0.549615 0.236808 -0.801153 -2.90971e+06 -0.735764 -0.317013 -0.59846 -1.59755e+06
-0.39411 0.919063 0 5.4396e+06 0.550023 0.235859 -0.801153 -2.90971e+06 -0.73631 -0.315742 -0.59846 -1.59755e+06
-0.392521 0.919743 0 5.4396e+06 0.55043 0.234908 -0.801153 -2.90971e+06 -0.736855 -0.314469 -0.59846 -1.59755e+06
-0.390929 0.920421 1.11022e-16 5.4396e+06 0.550835 0.233955 -0.801153 -2.90971e+06 -0.737398 -0.313194 -0.59846 -1.59755e+06
-0.389334 0.921097 5.55112e-17 5.4396e+06 0.551239 0.233001 -0.801153 -2.90971e+06 -0.737939 -0.311916 -0.59846 -1.59755e+06
-0.387738 0.92177 5.55112e-17 5.4396e+06 0.551642 0.232045 -0.801153 -2.90971e+06 -0.738478 -0.310637 -0.59846 -1.59755e+06
-0.386138 0.922441 0 5.4396e+06 0.552044 0.231088 -0.801153 -2.90971e+06 -0.739016 -0.309356 -0.59846 -1.59755e+06
-0.384537 0.92311 0 5.4396e+06 0.552444 0.23013 -0.801153 -2.90971e+06 -0.739552 -0.308073 -0.59846 -1.59755e+06
-0.382934 0.923776 5.55112e-17 5.4396e+06 0.552843 0.22917 -0.801153 -2.90971e+06 -0.740085 -0.306788 -0.59846 -1.59755e+06
-0.381328 0.92444 0 5.4396e+06 0.55324 0.22821 -0.801153 -2.90971e+06 -0.740617 -0.305502 -0.59846 -1.59755e+06
-0.379721 0.925101 0 5.4396e+06 0.553636 0.227248 -0.801153 -2.90971e+06 -0.741147 -0.304214 -0.59846 -1.59755e+06
-0.378112 0.92576 5.55112e-17 5.4396e+06 0.55403 0.226285 -0.801153 -2.90971e+06 -0.741675 -0.302925 -0.59846 -1.59755e+06
-0.376501 0.926416 5.55112e-17 5.4396e+06 0.554423 0.225321 -0.801153 -2.90971e+06 -0.742201 -0.301635 -0.59846 -1.59755e+06
-0.374888 0.92707 0 5.4396e+06 0.554814 0.224356 -0.801153 -2.90971e+06 -0.742725 -0.300343 -0.59846 -1.59755e+06
-0.373274 0.927721 0 5.4396e+06 0.555204 0.22339 -0.801153 -2.90971e+06 -0.743246 -0.29905 -0.59846 -1.59755e+06
-0.371658 0.92837 0 5.4396e+06 0.555592 0.222423 -0.801153 -2.90971e+06 -0.743766 -0.297755 -0.59846 -1.59755e+06
-0.370041 0.929015 5.55112e-17 5.4396e+06 0.555979 0.221455 -0.801153 -2.90971e+06 -0.744283 -0.296459 -0.59846 -1.59755e+06
-0.368422 0.929658 5.55112e-17 5.4396e+06 0.556363 0.220486 -0.801153 -2.90971e+06 -0.744798 -0.295163 -0.59846 -1.59755e+06
-0.366802 0.930299 1.11022e-16 5.4396e+06 0.556747 0.219517 -0.801153 -2.90971e+06 -0.745311 -0.293865 -0.59846 -1.59755e+06
-0.365181 0.930937 5.55112e-17 5.4396e+06 0.557128 0.218546 -0.801153 -2.90971e+06 -0.745822 -0.292565 -0.59846 -1.59755e+06
-0.363558 0.931572 1.11022e-16 5.4396e+06 0.557508 0.217575 -0.801153 -2.90971e+06 -0.746331 -0.291265 -0.59846 -1.59755e+06
-0.361933 0.932204 0 5.4396e+06 0.557887 0.216603 -0.801153 -2.90971e+06 -0.746838 -0.289964 -0.59846 -1.59755e+06
-0.360308 0.932834 5.55112e-17 5.4396e+06 0.558264 0.21563 -0.801153 -2.90971e+06 -0.747342 -0.288661 -0.59846 -1.59755e+06
-0.358681 0.93346 1.11022e-16 5.4396e+06 0.558639 0.214656 -0.801153 -2.90971e+06 -0.747844 -0.287358 -0.59846 -1.59755e+06
-0.357053 0.934084 5.55112e-17 5.4396e+06 0.559012 0.213682 -0.801153 -2.90971e+06 -0.748344 -0.286054 -0.59846 -1.59755e+06
-0.355423 0.934705 0 5.4396e+06 0.559384 0.212707 -0.801153 -2.90971e+06 -0.748842 -0.284748 -0.59846 -1.59755e+06
-0.353793 0.935324 5.55112e-17 5.4396e+06 0.559754 0.211731 -0.801153 -2.90971e+06 -0.749337 -0.283442 -0.59846 -1.59755e+06
-0.352161 0.93594 0 5.4396e+06 0.560122 0.210754 -0.801153 -2.90971e+06 -0.74983 -0.282134 -0.59846 -1.59755e+06
-0.350528 0.936552 0 5.4396e+06 0.560489 0.209777 -0.801153 -2.90971e+06 -0.750321 -0.280826 -0.59846 -1.59755e+06
-0.348893 0.937162 0 5.4396e+06 0.560854 0.208799 -0.801153 -2.90971e+06 -0.75081 -0.279517 -0.59846 -1.59755e+06
-0.347258 0.93777 0 5.4396e+06 0.561218 0.20782 -0.801153 -2.90971e+06 -0.751297 -0.278207 -0.59846 -1.59755e+06
-0.345622 0.938374 0 5.4396e+06 0.561579 0.206841 -0.801153 -2.90971e+06 -0.751781 -0.276896 -0.59846 -1.59755e+06
-0.343984 0.938976 0 5.4396e+06 0.561939 0.205861 -0.801153 -2.90971e+06 -0.752263 -0.275584 -0.59846 -1.59755e+06
-0.342345 0.939574 5.55112e-17 5.4396e+06 0.562298 0.20488 -0.801153 -2.90971e+06 -0.752742 -0.274271 -0.59846 -1.59755e+06
-0.340705 0.94017 0 5.4396e+06 0.562654 0.203899 -0.801153 -2.90971e+06 -0.75322 -0.272957 -0.59846 -1.59755e+06
-0.339064 0.940763 0 5.4396e+06 0.563009 0.202917 -0.801153 -2.90971e+06 -0.753695 -0.271642 -0.59846 -1.59755e+06
-0.337422 0.941353 5.55112e-17 5.4396e+06 0.563362 0.201934 -0.801153 -2.90971e+06 -0.754168 -0.270327 -0.59846 -1.59755e+06
-0.335779 0.941941 5.55112e-17 5.4396e+06 0.563714 0.200951 -0.801153 -2.90971e+06 -0.754638 -0.269011 -0.59846 -1.59755e+06
-0.334135 0.942525 1.11022e-16 5.4396e+06 0.564064 0.199967 -0.801153 -2.90971e+06 -0.755107 -0.267693 -0.59846 -1.59755e+06
-0.33249 0.943107 0 5.4396e+06 0.564412 0.198982 -0.801153 -2.90971e+06 -0.755572 -0.266375 -0.59846 -1.59755e+06
-0.330844 0.943686 5.55112e-17 5.4396e+06 0.564758 0.197997 -0.801153 -2.90971e+06 -0.756036 -0.265056 -0.59846 -1.59755e+06
-0.329196 0.944261 0 5.4396e+06 0.565103 0.197011 -0.801153 -2.90971e+06 -0.756498 -0.263737 -0.59846 -1.59755e+06
-0.327548 0.944834 0 5.4396e+06 0.565446 0.196025 -0.801153 -2.90971e+06 -0.756957 -0.262416 -0.59846 -1.59755e+06
-0.325899 0.945405 1.11022e-16 5.4396e+06 0.565787 0.195037 -0.801153 -2.90971e+06 -0.757413 -0.261095 -0.59846 -1.59755e+06
-0.324248 0.945972 0 5.4396e+06 0.566126 0.19405 -0.801153 -2.90971e+06 -0.757868 -0.259773 -0.59846 -1.59755e+06
-0.322597 0.946536 5.55112e-17 5.4396e+06 0.566464 0.193062 -0.801153 -2.90971e+06 -0.75832 -0.25845 -0.59846 -1.59755e+06
-0.320945 0.947098 -5.55112e-17 5.4396e+06 0.5668 0.192073 -0.801153 -2.90971e+06 -0.75877 -0.257126 -0.59846 -1.59755e+06
-0.319291 0.947657 1.66533e-16 5.4396e+06 0.567135 0.191083 -0.801153 -2.90971e+06 -0.759218 -0.255801 -0.59846 -1.59755e+06
-0.317637 0.948212 5.55112e-17 5.4396e+06 0.567467 0.190093 -0.801153 -2.90971e+06 -0.759663 -0.254476 -0.59846 -1.59755e+06
-0.315982 0.948765 5.55112e-17 5.4396e+06 0.567798 0.189102 -0.801153 -2.90971e+06 -0.760106 -0.25315 -0.59846 -1.59755e+06
-0.314326 0.949315 5.55112e-17 5.4396e+06 0.568127 0.188111 -0.801153 -2.90971e+06 -0.760546 -0.251823 -0.59846 -1.59755e+06
-0.312668 0.949862 1.11022e-16 5.4396e+06 0.568455 0.187119 -0.801153 -2.90971e+06 -0.760985 -0.250495 -0.59846 -1.59755e+06
-0.31101 0.950407 -5.55112e-17 5.4396e+06 0.56878 0.186127 -0.801153 -2.90971e+06 -0.761421 -0.249167 -0.59846 -1.59755e+06
-0.309351 0.950948 5.55112e-17 5.4396e+06 0.569104 0.185134 -0.801153 -2.90971e+06 -0.761854 -0.247837 -0.59846 -1.59755e+06
-0.307691 0.951486 -5.55112e-17 5.4396e+06 0.569427 0.184141 -0.801153 -2.90971e+06 -0.762286 -0.246507 -0.59846 -1.59755e+06
-0.30603 0.952022 5.55112e-17 5.4396e+06 0.569747 0.183147 -0.801153 -2.90971e+06 -0.762715 -0.245176 -0.59846 -1.59755e+06
-0.304368 0.952555 0 5.4396e+06 0.570066 0.182152 -0.801153 -2.90971e+06 -0.763142 -0.243845 -0.59846 -1.59755e+06
-0.302705 0.953084 5.55112e-17 5.4396e+06 0.570383 0.181157 -0.801153 -2.90971e+06 -0.763566 -0.242513 -0.59846 -1.59755e+06
-0.301041 0.953611 -5.55112e-17 5.4396e+06 0.570698 0.180161 -0.801153 -2.90971e+06 -0.763988 -0.24118 -0.59846 -1.59755e+06
-0.299376 0.954135 5.55112e-17 5.4396e+06 0.571012 0.179165 -0.801153 -2.90971e+06 -0.764408 -0.239846 -0.59846 -1.59755e+06
-0.29771 0.954656 5.55112e-17 5.4396e+06 0.571324 0.178168 -0.801153 -2.90971e+06 -0.764825 -0.238511 -0.59846 -1.59755e+06
-0.296044 0.955174 5.55112e-17 5.4396e+06 0.571634 0.17717 -0.801153 -2.90971e+06 -0.76524 -0.237176 -0.59846 -1.59755e+06
-0.294376 0.95569 5.55112e-17 5.4396e+06 0.571942 0.176172 -0.801153 -2.90971e+06 -0.765653 -0.23584 -0.59846 -1.59755e+06
-0.292708 0.956202 -5.55112e-17 5.4396e+06 0.572249 0.175174 -0.801153 -2.90971e+06 -0.766064 -0.234504 -0.59846 -1.59755e+06
-0.291039 0.956711 1.11022e-16 5.4396e+06 0.572554 0.174175 -0.801153 -2.90971e+06 -0.766472 -0.233166 -0.59846 -1.59755e+06
-0.289368 0.957218 -5.55112e-17 5.4396e+06 0.572857 0.173175 -0.801153 -2.90971e+06 -0.766878 -0.231828 -0.59846 -1.59755e+06
-0.287697 0.957721 0 5.4396e+06 0.573158 0.172175 -0.801153 -2.90971e+06 -0.767281 -0.230489 -0.59846 -1.59755e+06
-0.286025 0.958222 5.55112e-17 5.4396e+06 0.573458 0.171175 -0.801153 -2.90971e+06 -0.767682 -0.22915 -0.59846 -1.59755e+06
-0.284352 0.95872 -5.55112e-17 5.4396e+06 0.573756 0.170174 -0.801153 -2.90971e+06 -0.768081 -0.22781 -0.59846 -1.59755e+06
-0.282679 0.959215 0 5.4396e+06 0.574052 0.169172 -0.801153 -2.90971e+06 -0.768477 -0.226469 -0.59846 -1.59755e+06
-0.281004 0.959707 1.11022e-16 5.4396e+06 0.574346 0.16817 -0.801153 -2.90971e+06 -0.768871 -0.225127 -0.59846 -1.59755e+06
-0.279329 0.960196 -5.55112e-17 5.4396e+06 0.574639 0.167167 -0.801153 -2.90971e+06 -0.769263 -0.223785 -0.59846 -1.59755e+06
-0.277653 0.960682 0 5.4396e+06 0.57493 0.166164 -0.801153 -2.90971e+06 -0.769653 -0.222442 -0.59846 -1.59755e+06
-0.275975 0.961165 0 5.4396e+06 0.575219 0.16516 -0.801153 -2.90971e+06 -0.77004 -0.221098 -0.59846 -1.59755e+06
-0.274297 0.961645 -5.55112e-17 5.4396e+06 0.575506 0.164156 -0.801153 -2.9097e+06 -0.770424 -0.219754 -0.59846 -1.59755e+06
-0.272619 0.962122 1.11022e-16 5.4396e+06 0.575792 0.163151 -0.801153 -2.9097e+06 -0.770807 -0.218409 -0.59846 -1.59755e+06
-0.270939 0.962597 0 5.4396e+06 0.576076 0.162146 -0.801153 -2.9097e+06 -0.771187 -0.217064 -0.59846 -1.59755e+06
-0.269259 0.963068 5.55112e-17 5.4396e+06 0.576358 0.161141 -0.801153 -2.9097e+06 -0.771564 -0.215717 -0.59846 -1.59755e+06
-0.267577 0.963536 1.11022e-16 5.4396e+06 0.576638 0.160134 -0.801153 -2.9097e+06 -0.77194 -0.21437 -0.59846 -1.59755e+06
-0.265895 0.964002 5.55112e-17 5.4396e+06 0.576917 0.159128 -0.801153 -2.9097e+06 -0.772313 -0.213023 -0.59846 -1.59756e+06
-0.264212 0.964465 0 5.4396e+06 0.577194 0.158121 -0.801153 -2.9097e+06 -0.772683 -0.211674 -0.59846 -1.59756e+06
-0.262529 0.964924 0 5.4396e+06 0.577469 0.157113 -0.801153 -2.9097e+06 -0.773052 -0.210325 -0.59846 -1.59756e+06
-0.260844 0.965381 5.55112e-17 5.4396e+06 0.577742 0.156105 -0.801153 -2.9097e+06 -0.773417 -0.208976 -0.59846 -1.59756e+06
-0.259159 0.965835 0 5.4396e+06 0.578014 0.155096 -0.801153 -2.9097e+06 -0.773781 -0.207626 -0.59846 -1.59756e+06
-0.257473 0.966286 5.55112e-17 5.4396e+06 0.578283 0.154087 -0.801153 -2.9097e+06 -0.774142 -0.206275 -0.59846 -1.59756e+06
-0.255786 0.966733 5.55112e-17 5.4396e+06 0.578551 0.153078 -0.801153 -2.9097e+06 -0.774501 -0.204923 -0.59846 -1.59756e+06
-0.254098 0.967178 0 5.4396e+06 0.578818 0.152068 -0.801153 -2.9097e+06 -0.774858 -0.203571 -0.59846 -1.59756e+06
-0.25241 0.96762 5.55112e-17 5.4396e+06 0.579082 0.151057 -0.801153 -2.9097e+06 -0.775212 -0.202219 -0.59846 -1.59756e+06
-0.250721 0.96806 0 5.4396e+06 0.579345 0.150046 -0.801153 -2.9097e+06 -0.775563 -0.200865 -0.59846 -1.59756e+06
-0.249031 0.968496 0 5.4396e+06 0.579606 0.149035 -0.801153 -2.9097e+06 -0.775913 -0.199512 -0.59846 -1.59756e+06
-0.24734 0.968929 5.55112e-17 5.4396e+06 0.579865 0.148023 -0.801153 -2.9097e+06 -0.77626 -0.198157 -0.59846 -1.59756e+06
-0.245648 0.969359 5.55112e-17 5.4396e+06 0.580123 0.147011 -0.801153 -2.9097e+06 -0.776605 -0.196802 -0.59846 -1.59756e+06
-0.243956 0.969786 0 5.4396e+06 0.580378 0.145998 -0.801153 -2.9097e+06 -0.776947 -0.195446 -0.59846 -1.59756e+06
-0.242263 0.970211 5.55112e-17 5.4396e+06 0.580632 0.144985 -0.801153 -2.9097e+06 -0.777287 -0.19409 -0.59846 -1.59756e+06
-0.24057 0.970632 1.11022e-16 5.4396e+06 0.580884 0.143971 -0.801153 -2.9097e+06 -0.777624 -0.192733 -0.59846 -1.59756e+06
-0.238875 0.97105 5.55112e-17 5.4396e+06 0.581135 0.142957 -0.801153 -2.9097e+06 -0.77796 -0.191375 -0.59846 -1.59756e+06
-0.23718 0.971466 0 5.4396e+06 0.581383 0.141943 -0.801153 -2.9097e+06 -0.778292 -0.190017 -0.59846 -1.59756e+06
-0.235484 0.971878 5.55112e-17 5.4396e+06 0.58163 0.140928 -0.801153 -2.9097e+06 -0.778623 -0.188659 -0.59846 -1.59756e+06
-0.233787 0.972288 0 5.4396e+06 0.581875 0.139912 -0.801153 -2.9097e+06 -0.778951 -0.187299 -0.59846 -1.59756e+06
-0.23209 0.972694 0 5.4396e+06 0.582119 0.138897 -0.801153 -2.9097e+06 -0.779277 -0.18594 -0.59846 -1.59756e+06
-0.230392 0.973098 0 5.4396e+06 0.58236 0.13788 -0.801153 -2.9097e+06 -0.7796 -0.184579 -0.59846 -1.59756e+06
-0.228693 0.973499 1.66533e-16 5.4396e+06 0.5826 0.136864 -0.801153 -2.9097e+06 -0.779921 -0.183218 -0.59846 -1.59756e+06
-0.226994 0.973896 5.55112e-17 5.4396e+06 0.582838 0.135847 -0.801153 -2.9097e+06 -0.780239 -0.181857 -0.59846 -1.59756e+06
-0.225294 0.974291 1.11022e-16 5.4396e+06 0.583074 0.134829 -0.801153 -2.9097e+06 -0.780556 -0.180495 -0.59846 -1.59756e+06
-0.223593 0.974683 5.55112e-17 5.4396e+06 0.583309 0.133811 -0.801153 -2.9097e+06 -0.78087 -0.179132 -0.59846 -1.59756e+06
-0.221892 0.975071 1.11022e-16 5.4396e+06 0.583541 0.132793 -0.801153 -2.9097e+06 -0.781181 -0.177769 -0.59846 -1.59756e+06
-0.220189 0.975457 5.55112e-17 5.4396e+06 0.583772 0.131775 -0.801153 -2.9097e+06 -0.78149 -0.176405 -0.59846 -1.59756e+06
-0.218487 0.97584 0 5.4396e+06 0.584001 0.130755 -0.801153 -2.9097e+06 -0.781797 -0.175041 -0.59846 -1.59756e+06
-0.216783 0.97622 5.55112e-17 5.4396e+06 0.584229 0.129736 -0.801153 -2.9097e+06 -0.782101 -0.173676 -0.59846 -1.59756e+06
-0.215079 0.976597 5.55112e-17 5.4396e+06 0.584454 0.128716 -0.801153 -2.9097e+06 -0.782403 -0.172311 -0.59846 -1.59756e+06
-0.213374 0.976971 -5.55112e-17 5.4396e+06 0.584678 0.127696 -0.801153 -2.9097e+06 -0.782703 -0.170945 -0.59846 -1.59756e+06
-0.211669 0.977341 5.55112e-17 5.4396e+06 0.5849 0.126675 -0.801153 -2.9097e+06 -0.783 -0.169579 -0.59846 -1.59756e+06
-0.209963 0.977709 -5.55112e-17 5.4396e+06 0.58512 0.125654 -0.801153 -2.9097e+06 -0.783294 -0.168212 -0.59846 -1.59756e+06
-0.208256 0.978074 0 5.4396e+06 0.585338 0.124633 -0.801153 -2.9097e+06 -0.783587 -0.166845 -0.59846 -1.59756e+06
-0.206548 0.978436 5.55112e-17 5.4396e+06 0.585555 0.123611 -0.801153 -2.9097e+06 -0.783877 -0.165477 -0.59846 -1.59756e+06
-0.20484 0.978795 5.55112e-17 5.4396e+06 0.58577 0.122589 -0.801153 -2.9097e+06 -0.784165 -0.164108 -0.59846 -1.59756e+06
-0.203132 0.979151 0 5.4396e+06 0.585983 0.121566 -0.801153 -2.9097e+06 -0.78445 -0.16274 -0.59846 -1.59756e+06
-0.201423 0.979504 5.55112e-17 5.4396e+06 0.586194 0.120543 -0.801153 -2.9097e+06 -0.784733 -0.16137 -0.59846 -1.59756e+06
-0.199713 0.979855 -5.55112e-17 5.4396e+06 0.586404 0.11952 -0.801153 -2.9097e+06 -0.785013 -0.16 -0.59846 -1.59756e+06
-0.198002 0.980202 0 5.4396e+06 0.586612 0.118496 -0.801153 -2.9097e+06 -0.785291 -0.15863 -0.59846 -1.59756e+06
-0.196291 0.980546 5.55112e-17 5.4396e+06 0.586817 0.117472 -0.801153 -2.9097e+06 -0.785567 -0.157259 -0.59846 -1.59756e+06
-0.194579 0.980887 5.55112e-17 5.4396e+06 0.587022 0.116448 -0.801153 -2.9097e+06 -0.78584 -0.155888 -0.59846 -1.59756e+06
-0.192867 0.981225 5.55112e-17 5.4396e+06 0.587224 0.115423 -0.801153 -2.9097e+06 -0.786111 -0.154516 -0.59846 -1.59756e+06
-0.191154 0.98156 0 5.4396e+06 0.587424 0.114398 -0.801153 -2.9097e+06 -0.786379 -0.153144 -0.59846 -1.59756e+06
-0.189441 0.981892 5.55112e-17 5.4396e+06 0.587623 0.113373 -0.801153 -2.9097e+06 -0.786645 -0.151771 -0.59846 -1.59756e+06
-0.187727 0.982221 5.55112e-17 5.4396e+06 0.58782 0.112347 -0.801153 -2.9097e+06 -0.786909 -0.150398 -0.59846 -1.59756e+06
-0.186012 0.982547 -5.55112e-17 5.4396e+06 0.588015 0.111321 -0.801153 -2.9097e+06 -0.78717 -0.149024 -0.59846 -1.59756e+06
-0.184297 0.982871 0 5.4396e+06 0.588209 0.110294 -0.801153 -2.9097e+06 -0.787429 -0.14765 -0.59846 -1.59756e+06
-0.182581 0.983191 -5.55112e-17 5.4396e+06 0.5884 0.109268 -0.801153 -2.9097e+06 -0.787686 -0.146276 -0.59846 -1.59756e+06
-0.180865 0.983508 1.66533e-16 5.4396e+06 0.58859 0.108241 -0.801153 -2.9097e+06 -0.78794 -0.144901 -0.59846 -1.59756e+06
-0.179148 0.983822 5.55112e-17 5.4396e+06 0.588778 0.107213 -0.801153 -2.9097e+06 -0.788192 -0.143525 -0.59846 -1.59756e+06
-0.177431 0.984133 0 5.4396e+06 0.588964 0.106185 -0.801153 -2.9097e+06 -0.788441 -0.142149 -0.59846 -1.59756e+06
-0.175713 0.984441 -5.55112e-17 5.4396e+06 0.589149 0.105157 -0.801153 -2.9097e+06 -0.788688 -0.140773 -0.59846 -1.59756e+06
-0.173995 0.984747 5.55112e-17 5.4396e+06 0.589332 0.104129 -0.801153 -2.9097e+06 -0.788932 -0.139396 -0.59846 -1.59756e+06
-0.172276 0.985049 5.55112e-17 5.4396e+06 0.589512 0.1031 -0.801153 -2.9097e+06 -0.789174 -0.138019 -0.59846 -1.59756e+06
-0.170556 0.985348 5.55112e-17 5.4396e+06 0.589691 0.102071 -0.801153 -2.9097e+06 -0.789414 -0.136642 -0.59846 -1.59756e+06
-0.168836 0.985644 5.55112e-17 5.4396e+06 0.589869 0.101042 -0.801153 -2.9097e+06 -0.789651 -0.135264 -0.59846 -1.59756e+06
-0.167116 0.985937 1.11022e-16 5.4396e+06 0.590044 0.100012 -0.801153 -2.9097e+06 -0.789886 -0.133885 -0.59846 -1.59756e+06
-0.165395 0.986227 0 5.4396e+06 0.590218 0.098982 -0.801153 -2.9097e+06 -0.790119 -0.132506 -0.59846 -1.59756e+06
-0.163673 0.986515 5.55112e-17 5.4396e+06 0.59039 0.0979518 -0.801153 -2.9097e+06 -0.790349 -0.131127 -0.59846 -1.59756e+06
-0.161951 0.986799 5.55112e-17 5.4396e+06 0.59056 0.0969212 -0.801153 -2.9097e+06 -0.790576 -0.129747 -0.59846 -1.59756e+06
-0.160228 0.98708 0 5.4396e+06 0.590728 0.0958903 -0.801153 -2.9097e+06 -0.790802 -0.128367 -0.59846 -1.59756e+06
-0.158505 0.987358 0 5.4396e+06 0.590894 0.0948592 -0.801153 -2.9097e+06 -0.791025 -0.126987 -0.59846 -1.59756e+06
-0.156782 0.987633 5.55112e-17 5.4396e+06 0.591059 0.0938277 -0.801153 -2.9097e+06 -0.791245 -0.125606 -0.59846 -1.59756e+06
-0.155058 0.987905 5.55112e-17 5.4396e+06 0.591222 0.092796 -0.801153 -2.9097e+06 -0.791463 -0.124225 -0.59846 -1.59756e+06
-0.153333 0.988175 0 5.4396e+06 0.591383 0.091764 -0.801153 -2.9097e+06 -0.791679 -0.122844 -0.59846 -1.59756e+06
-0.151609 0.988441 1.11022e-16 5.4396e+06 0.591542 0.0907317 -0.801153 -2.9097e+06 -0.791892 -0.121462 -0.59846 -1.59756e+06
-0.149883 0.988704 5.55112e-17 5.4396e+06 0.5917 0.0896991 -0.801153 -2.9097e+06 -0.792103 -0.120079 -0.59846 -1.59756e+06
-0.148157 0.988964 5.55112e-17 5.4396e+06 0.591855 0.0886662 -0.801153 -2.9097e+06 -0.792311 -0.118697 -0.59846 -1.59756e+06
-0.146431 0.989221 0 5.4396e+06 0.592009 0.0876331 -0.801153 -2.9097e+06 -0.792517 -0.117314 -0.59846 -1.59756e+06
-0.144704 0.989475 5.55112e-17 5.4396e+06 0.592161 0.0865997 -0.801153 -2.9097e+06 -0.79272 -0.11593 -0.59846 -1.59756e+06
-0.142977 0.989726 1.11022e-16 5.4396e+06 0.592311 0.0855661 -0.801153 -2.9097e+06 -0.792922 -0.114546 -0.59846 -1.59756e+06
-0.14125 0.989974 5.55112e-17 5.4396e+06 0.59246 0.0845322 -0.801153 -2.9097e+06 -0.79312 -0.113162 -0.59846 -1.59756e+06
-0.139521 0.990219 1.11022e-16 5.4396e+06 0.592607 0.083498 -0.801153 -2.9097e+06 -0.793317 -0.111778 -0.59846 -1.59756e+06
-0.137793 0.990461 0 5.4396e+06 0.592751 0.0824636 -0.801153 -2.9097e+06 -0.79351 -0.110393 -0.59846 -1.59756e+06
-0.136064 0.9907 5.55112e-17 5.4396e+06 0.592894 0.0814289 -0.801153 -2.9097e+06 -0.793702 -0.109008 -0.59846 -1.59756e+06
-0.134335 0.990936 5.55112e-17 5.4396e+06 0.593036 0.080394 -0.801153 -2.9097e+06 -0.793891 -0.107623 -0.59846 -1.59756e+06
-0.132605 0.991169 5.55112e-17 5.4396e+06 0.593175 0.0793588 -0.801153 -2.9097e+06 -0.794078 -0.106237 -0.59846 -1.59756e+06
-0.130875 0.991399 0 5.4396e+06 0.593313 0.0783234 -0.801153 -2.9097e+06 -0.794262 -0.104851 -0.59846 -1.59756e+06
-0.129144 0.991626 1.11022e-16 5.4396e+06 0.593448 0.0772878 -0.801153 -2.9097e+06 -0.794444 -0.103464 -0.59846 -1.59756e+06
-0.127414 0.99185 -5.55112e-17 5.4396e+06 0.593582 0.0762519 -0.801153 -2.9097e+06 -0.794623 -0.102078 -0.59846 -1.59756e+06
-0.125682 0.992071 5.55112e-17 5.4396e+06 0.593715 0.0752158 -0.801153 -2.9097e+06 -0.7948 -0.100691 -0.59846 -1.59756e+06
-0.123951 0.992288 5.55112e-17 5.4396e+06 0.593845 0.0741795 -0.801153 -2.9097e+06 -0.794974 -0.0993033 -0.59846 -1.59756e+06
-0.122219 0.992503 0 5.4396e+06 0.593974 0.0731429 -0.801153 -2.9097e+06 -0.795147 -0.0979157 -0.59846 -1.59756e+06
-0.120486 0.992715 1.11022e-16 5.4396e+06 0.5941 0.0721061 -0.801153 -2.9097e+06 -0.795316 -0.0965277 -0.59846 -1.59756e+06
-0.118753 0.992924 5.55112e-17 5.4396e+06 0.594225 0.0710691 -0.801153 -2.9097e+06 -0.795484 -0.0951395 -0.59846 -1.59756e+06
-0.11702 0.99313 5.55112e-17 5.4396e+06 0.594348 0.0700319 -0.801153 -2.9097e+06 -0.795648 -0.093751 -0.59846 -1.59756e+06
-0.115287 0.993332 0 5.4396e+06 0.59447 0.0689944 -0.801153 -2.9097e+06 -0.795811 -0.0923622 -0.59846 -1.59756e+06
-0.113553 0.993532 0 5.4396e+06 0.594589 0.0679568 -0.801153 -2.9097e+06 -0.795971 -0.0909731 -0.59846 -1.59756e+06
-0.111819 0.993729 1.11022e-16 5.4396e+06 0.594707 0.0669189 -0.801153 -2.9097e+06 -0.796128 -0.0895837 -0.59846 -1.59756e+06
-0.110084 0.993922 -5.55112e-17 5.4396e+06 0.594823 0.0658809 -0.801153 -2.9097e+06 -0.796283 -0.0881941 -0.59846 -1.59756e+06
-0.108349 0.994113 -5.55112e-17 5.4396e+06 0.594937 0.0648426 -0.801153 -2.9097e+06 -0.796436 -0.0868042 -0.59846 -1.59756e+06
-0.106614 0.9943 -5.55112e-17 5.4396e+06 0.595049 0.0638041 -0.801153 -2.9097e+06 -0.796586 -0.085414 -0.59846 -1.59756e+06
-0.104878 0.994485 1.66533e-16 5.4396e+06 0.59516 0.0627655 -0.801153 -2.9097e+06 -0.796734 -0.0840235 -0.59846 -1.59756e+06
-0.103142 0.994667 0 5.4396e+06 0.595268 0.0617266 -0.801153 -2.9097e+06 -0.79688 -0.0826329 -0.59846 -1.59756e+06
-0.101406 0.994845 0 5.4396e+06 0.595375 0.0606876 -0.801153 -2.9097e+06 -0.797023 -0.0812419 -0.59846 -1.59756e+06
-0.0996698 0.995021 1.11022e-16 5.4396e+06 0.59548 0.0596484 -0.801153 -2.9097e+06 -0.797163 -0.0798507 -0.59846 -1.59756e+06
-0.097933 0.995193 5.55112e-17 5.4396e+06 0.595583 0.058609 -0.801153 -2.9097e+06 -0.797302 -0.0784593 -0.59846 -1.59756e+06
-0.0961959 0.995362 1.11022e-16 5.4396e+06 0.595685 0.0575694 -0.801153 -2.9097e+06 -0.797437 -0.0770676 -0.59846 -1.59756e+06
-0.0944585 0.995529 5.55112e-17 5.4396e+06 0.595784 0.0565297 -0.801153 -2.9097e+06 -0.797571 -0.0756757 -0.59846 -1.59756e+06
-0.0927209 0.995692 -5.55112e-17 5.4396e+06 0.595882 0.0554897 -0.801153 -2.9097e+06 -0.797701 -0.0742836 -0.59846 -1.59756e+06
-0.0909829 0.995852 0 5.4396e+06 0.595978 0.0544496 -0.801153 -2.9097e+06 -0.79783 -0.0728912 -0.59846 -1.59756e+06
-0.0892447 0.99601 0 5.4396e+06 0.596072 0.0534094 -0.801153 -2.9097e+06 -0.797956 -0.0714986 -0.59846 -1.59756e+06
-0.0875062 0.996164 5.55112e-17 5.4396e+06 0.596164 0.052369 -0.801153 -2.9097e+06 -0.798079 -0.0701058 -0.59846 -1.59756e+06
-0.0857674 0.996315 0 5.4396e+06 0.596255 0.0513284 -0.801153 -2.9097e+06 -0.798201 -0.0687128 -0.59846 -1.59756e+06
-0.0840284 0.996463 5.55112e-17 5.4396e+06 0.596344 0.0502876 -0.801153 -2.9097e+06 -0.798319 -0.0673196 -0.59846 -1.59756e+06
-0.0822891 0.996608 0 5.4396e+06 0.59643 0.0492467 -0.801153 -2.9097e+06 -0.798436 -0.0659261 -0.59846 -1.59756e+06
-0.0805496 0.996751 0 5.4396e+06 0.596515 0.0482057 -0.801153 -2.9097e+06 -0.798549 -0.0645325 -0.59846 -1.59756e+06
-0.0788098 0.99689 0 5.4396e+06 0.596599 0.0471645 -0.801153 -2.9097e+06 -0.798661 -0.0631387 -0.59846 -1.59756e+06
-0.0770698 0.997026 -5.55112e-17 5.4396e+06 0.59668 0.0461232 -0.801153 -2.9097e+06 -0.79877 -0.0617447 -0.59846 -1.59756e+06
-0.0753295 0.997159 0 5.4396e+06 0.59676 0.0450817 -0.801153 -2.9097e+06 -0.798876 -0.0603504 -0.59846 -1.59756e+06
-0.073589 0.997289 0 5.4396e+06 0.596837 0.0440401 -0.801153 -2.9097e+06 -0.79898 -0.0589561 -0.59846 -1.59756e+06
-0.0718483 0.997416 5.55112e-17 5.4396e+06 0.596913 0.0429984 -0.801153 -2.9097e+06 -0.799082 -0.0575615 -0.59846 -1.59756e+06
-0.0701074 0.997539 0 5.4396e+06 0.596988 0.0419565 -0.801153 -2.9097e+06 -0.799181 -0.0561667 -0.59846 -1.59756e+06
-0.0683663 0.99766 1.11022e-16 5.4396e+06 0.59706 0.0409145 -0.801153 -2.9097e+06 -0.799278 -0.0547718 -0.59846 -1.59756e+06
-0.0666249 0.997778 0 5.4396e+06 0.59713 0.0398724 -0.801153 -2.9097e+06 -0.799373 -0.0533767 -0.59846 -1.59756e+06
-0.0648834 0.997893 5.55112e-17 5.4396e+06 0.597199 0.0388301 -0.801153 -2.9097e+06 -0.799464 -0.0519815 -0.59846 -1.59756e+06
-0.0631416 0.998005 5.55112e-17 5.4396e+06 0.597266 0.0377877 -0.801153 -2.9097e+06 -0.799554 -0.0505861 -0.59846 -1.59756e+06
-0.0613997 0.998113 5.55112e-17 5.4396e+06 0.597331 0.0367453 -0.801153 -2.9097e+06 -0.799641 -0.0491905 -0.59846 -1.59756e+06
-0.0596575 0.998219 -5.55112e-17 5.4396e+06 0.597394 0.0357027 -0.801153 -2.9097e+06 -0.799726 -0.0477948 -0.59846 -1.59756e+06
-0.0579152 0.998322 1.11022e-16 5.4396e+06 0.597456 0.03466 -0.801153 -2.9097e+06 -0.799808 -0.0463989 -0.59846 -1.59756e+06
-0.0561727 0.998421 5.55112e-17 5.4396e+06 0.597515 0.0336171 -0.801153 -2.9097e+06 -0.799888 -0.0450029 -0.59846 -1.59756e+06
-0.0544301 0.998518 -5.55112e-17 5.4396e+06 0.597573 0.0325742 -0.801153 -2.9097e+06 -0.799965 -0.0436068 -0.59846 -1.59756e+06
-0.0526873 0.998611 0 5.4396e+06 0.597629 0.0315312 -0.801153 -2.9097e+06 -0.80004 -0.0422105 -0.59846 -1.59756e+06
-0.0509443 0.998701 0 5.4396e+06 0.597683 0.0304881 -0.801153 -2.9097e+06 -0.800112 -0.0408141 -0.59846 -1.59756e+06
-0.0492011 0.998789 0 5.4396e+06 0.597735 0.0294449 -0.801153 -2.9097e+06 -0.800182 -0.0394176 -0.59846 -1.59756e+06
-0.0474578 0.998873 1.66533e-16 5.4396e+06 0.597786 0.0284016 -0.801153 -2.9097e+06 -0.80025 -0.038021 -0.59846 -1.59756e+06
-0.0457144 0.998955 0 5.4396e+06 0.597834 0.0273583 -0.801153 -2.9097e+06 -0.800315 -0.0366242 -0.59846 -1.59756e+06
-0.0439708 0.999033 5.55112e-17 5.4396e+06 0.597881 0.0263148 -0.801153 -2.9097e+06 -0.800378 -0.0352274 -0.59846 -1.59756e+06
-0.0422271 0.999108 -5.55112e-17 5.4396e+06 0.597926 0.0252713 -0.801153 -2.9097e+06 -0.800438 -0.0338304 -0.59846 -1.59756e+06
-0.0404833 0.99918 1.66533e-16 5.4396e+06 0.597969 0.0242276 -0.801153 -2.9097e+06 -0.800496 -0.0324333 -0.59846 -1.59756e+06
-0.0387393 0.999249 -5.55112e-17 5.4396e+06 0.598011 0.0231839 -0.801153 -2.9097e+06 -0.800551 -0.0310361 -0.59846 -1.59756e+06
-0.0369953 0.999315 5.55112e-17 5.4396e+06 0.59805 0.0221402 -0.801153 -2.9097e+06 -0.800604 -0.0296389 -0.59846 -1.59756e+06
-0.0352511 0.999378 5.55112e-17 5.4396e+06 0.598088 0.0210964 -0.801153 -2.9097e+06 -0.800655 -0.0282415 -0.59846 -1.59756e+06
-0.0335068 0.999438 0 5.4396e+06 0.598124 0.0200525 -0.801153 -2.9097e+06 -0.800703 -0.026844 -0.59846 -1.59756e+06
-0.0317624 0.999495 -5.55112e-17 5.4396e+06 0.598158 0.0190085 -0.801153 -2.9097e+06 -0.800748 -0.0254465 -0.59846 -1.59756e+06
-0.0300179 0.999549 -5.55112e-17 5.4396e+06 0.59819 0.0179645 -0.801153 -2.9097e+06 -0.800792 -0.0240489 -0.59846 -1.59756e+06
-0.0282733 0.9996 1.11022e-16 5.4396e+06 0.598221 0.0169204 -0.801153 -2.9097e+06 -0.800832 -0.0226512 -0.59846 -1.59756e+06
-0.0265286 0.999648 1.11022e-16 5.4396e+06 0.598249 0.0158763 -0.801153 -2.9097e+06 -0.800871 -0.0212535 -0.59846 -1.59756e+06
-0.0247839 0.999693 5.55112e-17 5.4396e+06 0.598276 0.0148322 -0.801153 -2.9097e+06 -0.800907 -0.0198557 -0.59846 -1.59756e+06
-0.023039 0.999735 -5.55112e-17 5.4396e+06 0.598301 0.0137879 -0.801153 -2.9097e+06 -0.80094 -0.0184578 -0.59846 -1.59756e+06
-0.0212941 0.999773 -1.11022e-16 5.4396e+06 0.598324 0.0127437 -0.801153 -2.9097e+06 -0.800971 -0.0170599 -0.59846 -1.59756e+06
-0.0195492 0.999809 0 5.4396e+06 0.598346 0.0116994 -0.801153 -2.9097e+06 -0.801 -0.0156619 -0.59846 -1.59756e+06
-0.0178041 0.999841 -5.55112e-17 5.4396e+06 0.598365 0.0106551 -0.801153 -2.9097e+06 -0.801026 -0.0142638 -0.59846 -1.59756e+06
-0.0160591 0.999871 5.55112e-17 5.4396e+06 0.598383 0.00961071 -0.801153 -2.9097e+06 -0.801049 -0.0128658 -0.59846 -1.59756e+06
-0.0143139 0.999898 1.11022e-16 5.4396e+06 0.598399 0.00856632 -0.801153 -2.9097e+06 -0.801071 -0.0114676 -0.59846 -1.59756e+06
-0.0125688 0.999921 0 5.4396e+06 0.598413 0.0075219 -0.801153 -2.9097e+06 -0.801089 -0.0100695 -0.59846 -1.59756e+06
-0.0108236 0.999941 5.55112e-17 5.4396e+06 0.598425 0.00647747 -0.801153 -2.9097e+06 -0.801106 -0.00867132 -0.59846 -1.59756e+06
-0.00907831 0.999959 -5.55112e-17 5.4396e+06 0.598435 0.00543301 -0.801153 -2.9097e+06 -0.80112 -0.00727311 -0.59846 -1.59756e+06
-0.00733304 0.999973 -5.55112e-17 5.4396e+06 0.598444 0.00438853 -0.801153 -2.9097e+06 -0.801131 -0.00587489 -0.59846 -1.59756e+06
-0.00558775 0.999984 5.55112e-17 5.4396e+06 0.598451 0.00334405 -0.801153 -2.9097e+06 -0.80114 -0.00447664 -0.59846 -1.59756e+06
-0.00384244 0.999993 5.55112e-17 5.4396e+06 0.598456 0.00229955 -0.801153 -2.9097e+06 -0.801147 -0.00307838 -0.59846 -1.59756e+06
-0.00209712 0.999998 5.55112e-17 5.4396e+06 0.598459 0.00125504 -0.801153 -2.9097e+06 -0.801151 -0.00168011 -0.59846 -1.59756e+06
-0.000351792 1 1.11022e-16 5.4396e+06 0.59846 0.000210533 -0.801153 -2.9097e+06 -0.801153 -0.000281839 -0.59846 -1.59756e+06
0.00139354 0.999999 5.55112e-17 5.4396e+06 0.598459 -0.000833976 -0.801153 -2.9097e+06 -0.801152 0.00111644 -0.59846 -1.59756e+06
0.00313886 0.999995 5.55112e-17 5.4396e+06 0.598457 -0.00187848 -0.801153 -2.9097e+06 -0.801149 0.00251471 -0.59846 -1.59756e+06
0.00488418 0.999988 0 5.4396e+06 0.598453 -0.00292298 -0.801153 -2.9097e+06 -0.801143 0.00391297 -0.59846 -1.59756e+06
0.00662948 0.999978 0 5.4396e+06 0.598447 -0.00396748 -0.801153 -2.9097e+06 -0.801135 0.00531122 -0.59846 -1.59756e+06
0.00837476 0.999965 0 5.4396e+06 0.598439 -0.00501196 -0.801153 -2.9097e+06 -0.801125 0.00670946 -0.59846 -1.59756e+06
0.01012 0.999949 5.55112e-17 5.4396e+06 0.598429 -0.00605642 -0.801153 -2.9097e+06 -0.801112 0.00810767 -0.59846 -1.59756e+06
0.0118652 0.99993 5.55112e-17 5.4396e+06 0.598418 -0.00710087 -0.801153 -2.9097e+06 -0.801096 0.00950586 -0.59846 -1.59756e+06
0.0136104 0.999907 5.55112e-17 5.4396e+06 0.598405 -0.00814529 -0.801153 -2.9097e+06 -0.801078 0.010904 -0.59846 -1.59756e+06
0.0153556 0.999882 0 5.4396e+06 0.59839 -0.00918969 -0.801153 -2.9097e+06 -0.801058 0.0123022 -0.59846 -1.59756e+06
0.0171007 0.999854 0 5.4396e+06 0.598373 -0.0102341 -0.801153 -2.9097e+06 -0.801035 0.0137002 -0.59846 -1.59756e+06
0.0188457 0.999822 0 5.4396e+06 0.598354 -0.0112784 -0.801153 -2.9097e+06 -0.80101 0.0150983 -0.59846 -1.59756e+06
0.0205907 0.999788 1.11022e-16 5.4396e+06 0.598333 -0.0123227 -0.801153 -2.9097e+06 -0.800983 0.0164963 -0.59846 -1.59756e+06
0.0223356 0.999751 1.11022e-16 5.4396e+06 0.598311 -0.013367 -0.801153 -2.9097e+06 -0.800953 0.0178942 -0.59846 -1.59756e+06
0.0240805 0.99971 -5.55112e-17 5.4396e+06 0.598287 -0.0144112 -0.801153 -2.9097e+06 -0.80092 0.0192921 -0.59846 -1.59756e+06
0.0258253 0.999666 1.66533e-16 5.4396e+06 0.59826 -0.0154554 -0.801153 -2.9097e+06 -0.800885 0.02069 -0.59846 -1.59756e+06
0.02757 0.99962 5.55112e-17 5.4396e+06 0.598233 -0.0164995 -0.801153 -2.9097e+06 -0.800848 0.0220878 -0.59846 -1.59756e+06
0.0293146 0.99957 5.55112e-17 5.4396e+06 0.598203 -0.0175436 -0.801153 -2.9097e+06 -0.800808 0.0234855 -0.59846 -1.59756e+06
0.0310591 0.999518 0 5.4396e+06 0.598171 -0.0185877 -0.801153 -2.9097e+06 -0.800766 0.0248831 -0.59846 -1.59756e+06
0.0328036 0.999462 1.11022e-16 5.4396e+06 0.598138 -0.0196316 -0.801153 -2.9097e+06 -0.800721 0.0262807 -0.59846 -1.59756e+06
0.0345479 0.999403 0 5.4396e+06 0.598103 -0.0206755 -0.801153 -2.9097e+06 -0.800674 0.0276782 -0.59846 -1.59756e+06
0.0362922 0.999341 5.55112e-17 5.4396e+06 0.598066 -0.0217194 -0.801153 -2.9097e+06 -0.800625 0.0290756 -0.59846 -1.59756e+06
0.0380363 0.999276 0 5.4396e+06 0.598027 -0.0227632 -0.801153 -2.9097e+06 -0.800573 0.0304729 -0.59846 -1.59756e+06
0.0397803 0.999208 5.55112e-17 5.4396e+06 0.597986 -0.0238069 -0.801153 -2.9097e+06 -0.800518 0.0318701 -0.59846 -1.59756e+06
0.0415242 0.999137 5.55112e-17 5.4396e+06 0.597944 -0.0248506 -0.801153 -2.9097e+06 -0.800462 0.0332672 -0.59846 -1.59756e+06
0.0432679 0.999064 1.66533e-16 5.4396e+06 0.5979 -0.0258941 -0.801153 -2.9097e+06 -0.800402 0.0346642 -0.59846 -1.59756e+06
0.0450116 0.998986 0 5.4396e+06 0.597854 -0.0269376 -0.801153 -2.9097e+06 -0.800341 0.0360611 -0.59846 -1.59756e+06
0.046755 0.998906 5.55112e-17 5.4396e+06 0.597806 -0.027981 -0.801153 -2.9097e+06 -0.800276 0.0374579 -0.59846 -1.59756e+06
0.0484984 0.998823 0 5.4396e+06 0.597756 -0.0290244 -0.801153 -2.9097e+06 -0.80021 0.0388546 -0.59846 -1.59756e+06
0.0502416 0.998737 5.55112e-17 5.4396e+06 0.597704 -0.0300676 -0.801153 -2.9097e+06 -0.800141 0.0402512 -0.59846 -1.59756e+06
0.0519846 0.998648 0 5.4396e+06 0.597651 -0.0311107 -0.801153 -2.9097e+06 -0.800069 0.0416476 -0.59846 -1.59756e+06
0.0537275 0.998556 5.55112e-17 5.4396e+06 0.597596 -0.0321538 -0.801153 -2.9097e+06 -0.799995 0.043044 -0.59846 -1.59756e+06
0.0554703 0.99846 0 5.4396e+06 0.597539 -0.0331967 -0.801153 -2.9097e+06 -0.799919 0.0444401 -0.59846 -1.59756e+06
0.0572128 0.998362 5.55112e-17 5.4396e+06 0.59748 -0.0342396 -0.801153 -2.9097e+06 -0.79984 0.0458362 -0.59846 -1.59756e+06
0.0589552 0.998261 0 5.4396e+06 0.597419 -0.0352823 -0.801153 -2.9097e+06 -0.799759 0.0472321 -0.59846 -1.59756e+06
0.0606974 0.998156 5.55112e-17 5.4396e+06 0.597357 -0.036325 -0.801153 -2.9097e+06 -0.799675 0.0486279 -0.59846 -1.59756e+06
0.0624394 0.998049 0 5.4396e+06 0.597292 -0.0373675 -0.801153 -2.9097e+06 -0.799589 0.0500235 -0.59846 -1.59756e+06
0.0641812 0.997938 0 5.4396e+06 0.597226 -0.0384099 -0.801153 -2.9097e+06 -0.799501 0.051419 -0.59846 -1.59756e+06
0.0659229 0.997825 5.55112e-17 5.4396e+06 0.597158 -0.0394522 -0.801153 -2.9097e+06 -0.79941 0.0528143 -0.59846 -1.59756e+06
0.0676643 0.997708 0 5.4396e+06 0.597088 -0.0404944 -0.801153 -2.9097e+06 -0.799317 0.0542094 -0.59846 -1.59756e+06
0.0694055 0.997589 1.11022e-16 5.4396e+06 0.597017 -0.0415364 -0.801153 -2.9097e+06 -0.799221 0.0556044 -0.59846 -1.59756e+06
0.0711465 0.997466 5.55112e-17 5.4396e+06 0.596943 -0.0425784 -0.801153 -2.9097e+06 -0.799122 0.0569992 -0.59846 -1.59756e+06
0.0728873 0.99734 0 5.4396e+06 0.596868 -0.0436202 -0.801153 -2.9097e+06 -0.799022 0.0583939 -0.59846 -1.59756e+06
0.0746279 0.997211 5.55112e-17 5.4396e+06 0.596791 -0.0446618 -0.801153 -2.9097e+06 -0.798919 0.0597884 -0.59846 -1.59756e+06
0.0763683 0.99708 5.55112e-17 5.4396e+06 0.596712 -0.0457034 -0.801153 -2.9097e+06 -0.798813 0.0611826 -0.59846 -1.59756e+06
0.0781084 0.996945 0 5.4396e+06 0.596632 -0.0467447 -0.801153 -2.9097e+06 -0.798705 0.0625767 -0.59846 -1.59756e+06
0.0798483 0.996807 1.11022e-16 5.4396e+06 0.596549 -0.047786 -0.801153 -2.9097e+06 -0.798595 0.0639706 -0.59846 -1.59756e+06
0.0815879 0.996666 -5.55112e-17 5.4396e+06 0.596465 -0.0488271 -0.801153 -2.9097e+06 -0.798482 0.0653644 -0.59846 -1.59756e+06
0.0833273 0.996522 5.55112e-17 5.4396e+06 0.596379 -0.049868 -0.801153 -2.9097e+06 -0.798366 0.0667579 -0.59846 -1.59756e+06
0.0850664 0.996375 5.55112e-17 5.4396e+06 0.596291 -0.0509089 -0.801153 -2.9097e+06 -0.798249 0.0681512 -0.59846 -1.59756e+06
0.0868053 0.996225 1.11022e-16 5.4396e+06 0.596201 -0.0519495 -0.801153 -2.9097e+06 -0.798129 0.0695443 -0.59846 -1.59756e+06
0.0885439 0.996072 5.55112e-17 5.4396e+06 0.596109 -0.05299 -0.801153 -2.9097e+06 -0.798006 0.0709372 -0.59846 -1.59756e+06
0.0902822 0.995916 1.66533e-16 5.4396e+06 0.596016 -0.0540303 -0.801153 -2.9097e+06 -0.797881 0.0723298 -0.59846 -1.59756e+06
0.0920203 0.995757 5.55112e-17 5.4396e+06 0.595921 -0.0550705 -0.801153 -2.9097e+06 -0.797753 0.0737223 -0.59846 -1.59756e+06
